
Steps Product0 Product1 Product2 Product3 Product4 Product5 Product6 Product7 Product8 Picked0 Picked1 Picked2 PlanetVisited0 PlanetVisited1 PlanetVisited2 PlanetVisited3 PlanetVisited4 PlanetVisited5 LostCredits SameCredits EarnedCredits FailedBuy TradeBalance SkippingSell SkippingBuy
100000 5516 11167 16490 15762 14834 12903 11286 6035 1504 35530 31862 28105 8245 8093 7599 8183 9155 8405 3358 0 72 0 -64267709 12218 8570 
200000 6621 13164 19534 18043 17436 15310 14113 7300 2010 42794 37502 33235 7711 8186 7737 7910 9592 8544 3386 0 274 0 -48633395 5517 1916 
300000 6763 13064 19323 17939 17219 15335 13787 7409 2226 42090 37882 33093 7830 7806 8123 7970 9854 8637 2855 0 883 0 -29113189 5683 3225 
400000 6459 12746 19580 18865 18190 15234 13706 7341 2241 42221 38253 33888 7703 7023 8435 7817 9943 8759 2250 0 1428 0 -12278035 6046 4668 
500000 6460 13231 19309 18631 17119 15199 13416 7597 2400 41434 37658 34270 7642 6694 8438 7874 10385 9187 1941 1 1771 0 -3514813 6370 5828 
600000 7150 14052 19702 18106 16519 14620 13084 7610 2268 41409 37650 34052 7520 6254 8765 7198 10941 9002 1701 0 1986 0 3422130 6981 6733 
700000 6726 13426 19063 16973 15846 13918 13755 8137 2351 40809 37038 32348 7963 6755 9288 7150 10067 8997 1694 0 2031 0 6035088 7248 7453 
800000 6671 12831 18262 17251 16688 15051 14028 8218 2413 41055 37033 33325 7900 6779 9060 7352 9920 8669 1642 0 2038 0 8158048 7533 7803 
900000 6274 12981 18511 18160 16413 14842 13513 8083 2516 41242 36873 33178 7731 7180 8910 7115 10451 8833 1522 0 2202 0 10501944 7480 8249 
1000000 6303 12814 18226 17329 16683 14652 14054 8088 2703 41177 36569 33106 7517 6882 8940 6948 10765 8628 1567 0 2080 0 10893916 7816 8545 


Steps Product0 Product1 Product2 Product3 Product4 Product5 Product6 Product7 Product8 Picked0 Picked1 Picked2 PlanetVisited0 PlanetVisited1 PlanetVisited2 PlanetVisited3 PlanetVisited4 PlanetVisited5 LostCredits SameCredits EarnedCredits FailedBuy TradeBalance SkippingSell SkippingBuy
1100000 6581 12515 18518 16743 16345 14142 13362 8067 2565 40078 35989 32771 7119 7663 10052 6846 11040 7500 1551 0 2177 0 11489945 8178 9039 
1200000 6585 13079 18776 17756 16725 14464 12780 7623 2253 40089 36678 33274 6630 8320 9891 6567 10305 7967 1518 0 2176 0 11311495 8409 9375 
1300000 7166 13440 19105 16758 16124 14337 13007 7743 2114 39636 36722 33436 7215 8652 9850 6694 10321 7488 1493 0 2230 0 13126664 7883 8717 
1400000 6607 12765 18343 17149 16442 14697 13589 8660 2560 39493 37476 33843 7281 7671 10945 6909 9774 7100 1419 0 2276 0 15471010 7940 8389 
1500000 6143 12491 19019 17598 17149 14505 13280 8263 2247 39239 37390 34066 6882 7670 11971 6523 9621 7553 1453 0 2286 0 15233154 7860 8493 
1600000 6455 13103 19698 17774 17215 14206 13075 8240 2261 39517 37782 34728 6683 7541 11784 6125 10306 7241 1404 0 2279 0 16784973 7686 8128 
1700000 6278 13014 19191 17951 17100 14566 13384 8951 2442 39155 38438 35284 6770 7783 12630 6212 9616 7209 1396 0 2310 0 15356329 7247 7716 
1800000 6640 12589 18930 17091 17002 14696 13978 9421 2769 38912 38015 36189 6669 8105 12919 5691 9508 6788 1341 0 2323 0 17672410 7219 7658 
1900000 6782 13362 19078 17254 17123 14670 14115 8915 2989 39933 37801 36554 6805 7529 12972 5634 10071 7209 1368 0 2347 0 19628859 6792 7403 
2000000 6654 12983 19329 17591 17927 14963 13999 8880 2803 39444 38393 37292 6779 7529 12588 6038 10135 6611 1367 0 2328 0 19032164 6928 7096 


Steps Product0 Product1 Product2 Product3 Product4 Product5 Product6 Product7 Product8 Picked0 Picked1 Picked2 PlanetVisited0 PlanetVisited1 PlanetVisited2 PlanetVisited3 PlanetVisited4 PlanetVisited5 LostCredits SameCredits EarnedCredits FailedBuy TradeBalance SkippingSell SkippingBuy
2100000 6989 13077 18714 16459 16420 14374 13298 8907 2964 38202 37214 35786 6419 7349 12858 5882 11012 6700 1383 0 2337 0 18145466 7429 8044 
2200000 6796 13124 19207 17242 16946 14104 13137 8442 3300 38801 36725 36772 6850 6865 12307 5594 12133 5931 1282 0 2380 0 21935640 7717 8298 
2300000 6766 13320 18880 17362 17019 14650 13186 8406 2965 38770 36589 37195 7057 6384 12701 5185 12508 6385 1301 0 2380 0 20519037 7320 8035 
2400000 6254 12150 18447 17397 17720 15075 14087 9461 3937 38805 37374 38349 6737 6003 13696 5078 12081 6085 1359 1 2353 0 19880976 7189 7650 
2500000 6648 12817 18681 17306 17483 14692 13628 8894 3742 38518 37466 37907 6863 6084 13777 5589 11486 6421 1343 0 2388 0 21663990 7027 7740 
2600000 6291 12577 18910 17450 17318 14535 14050 9635 3773 38537 37715 38287 6837 5689 13777 5710 11175 6492 1248 0 2426 0 23906596 7047 7675 
2700000 6500 12933 18344 16934 17125 14820 14301 9706 3918 38253 38406 37922 6840 6181 14307 5545 10772 6575 1291 0 2456 0 26664337 6596 7372 
2800000 6346 12640 18598 17351 17238 15521 15362 11059 4416 39428 40050 39053 6795 6011 14434 5080 10665 6695 1288 0 2359 0 23491172 5904 6490 
2900000 6794 13071 18572 17146 17245 15518 15192 10639 4470 39030 40067 39550 6842 6107 14712 5026 11141 6392 1268 0 2441 0 25050292 5755 6289 
3000000 6478 12419 18758 17397 18237 16258 16193 11098 4590 40055 40486 40887 7124 6062 14477 5376 11006 5635 1242 0 2407 0 25302829 5579 6013 


Steps Product0 Product1 Product2 Product3 Product4 Product5 Product6 Product7 Product8 Picked0 Picked1 Picked2 PlanetVisited0 PlanetVisited1 PlanetVisited2 PlanetVisited3 PlanetVisited4 PlanetVisited5 LostCredits SameCredits EarnedCredits FailedBuy TradeBalance SkippingSell SkippingBuy
3100000 6407 13079 19267 17643 17483 15523 15427 10975 4594 39637 39445 41316 6797 5956 14573 5637 11572 5685 1282 1 2437 0 24705834 5441 5840 
3200000 7101 13174 19443 17044 17076 15387 15460 11279 4785 39727 39462 41560 6694 6318 13394 5814 11649 5811 1238 0 2411 0 24719628 5732 6202 
3300000 6133 12465 18448 17422 17306 15506 15183 10924 5069 38604 38594 41258 6736 6866 13669 6037 11874 5038 1212 0 2495 0 27530276 5967 6631 
3400000 6638 12774 19001 17386 17031 15299 14974 11100 4951 39091 38976 41087 6805 6722 13708 6331 10816 5298 1240 0 2409 0 26698354 6119 6473 
3500000 6268 12827 19214 17933 17136 15129 14533 10431 4506 38815 38320 40842 6994 6640 13366 6614 10902 5704 1208 1 2519 0 27594932 6077 6561 
3600000 6704 13240 19047 17144 16582 15118 15284 10874 5213 39045 38874 41287 7248 6116 13183 6560 11249 5324 1223 1 2466 0 24648077 6001 6423 
3700000 5927 12884 18763 17591 16869 15319 14797 10522 4745 38522 37951 40944 7613 5568 13221 6538 11789 5491 1234 0 2493 0 27649421 5945 6355 
3800000 6532 12724 18904 17304 17273 15334 14701 10045 4802 38957 37309 41353 7618 5318 12769 6743 11657 5575 1181 0 2492 0 28589035 6160 6526 
3900000 6001 12481 18518 17139 16969 15153 14412 10028 4633 38223 36768 40343 8063 5425 12924 6953 11359 5496 1208 0 2512 0 28715138 6383 6933 
4000000 6652 12436 18678 16609 16927 14822 14039 9843 4597 38247 36069 40287 8282 5363 12526 6831 10913 5765 1211 0 2477 0 26731890 6710 7129 


Steps Product0 Product1 Product2 Product3 Product4 Product5 Product6 Product7 Product8 Picked0 Picked1 Picked2 PlanetVisited0 PlanetVisited1 PlanetVisited2 PlanetVisited3 PlanetVisited4 PlanetVisited5 LostCredits SameCredits EarnedCredits FailedBuy TradeBalance SkippingSell SkippingBuy
4100000 6238 12841 18679 17029 16575 14450 13849 9491 4499 37895 35948 39808 8577 5171 12339 7049 11117 5967 1195 0 2528 0 27386606 6651 7178 
4200000 5995 12814 18963 17860 17347 15030 14013 9026 4424 38581 36371 40520 9171 4963 12081 7276 10313 5876 1159 0 2541 0 30931890 6396 6711 
4300000 6019 11971 18422 16739 17301 15143 14756 10086 4580 37849 36036 41132 9490 4643 11921 7450 10886 5830 1175 0 2573 0 28899140 6143 6686 
4400000 5835 12179 18359 17546 17412 15872 15254 10299 4690 39185 36550 41711 9535 4456 11971 7475 10762 5481 1192 0 2495 0 30214860 5893 6088 
4500000 5986 11775 17981 17121 17517 15754 15759 10887 5060 39329 36839 41672 8550 4682 12451 7710 11003 5824 1182 0 2537 0 26421598 5611 5898 
4600000 5596 11770 17644 17190 17209 15896 16306 10924 5236 39388 36661 41722 8702 4709 11883 7440 10748 6198 1224 0 2457 0 26438154 5839 6075 
4700000 6466 12864 18887 17069 16839 15197 15115 10244 4657 38867 36945 41526 8383 4561 11474 7284 11753 6765 1183 0 2548 0 31073026 5871 6328 
4800000 5932 11851 17835 17040 17137 16090 15679 10784 5046 38653 36968 41773 8677 5123 10529 7324 11912 6115 1141 0 2538 0 30907735 5928 6104 
4900000 6135 12658 18728 17338 16636 15026 14728 10189 4878 38115 36627 41574 8767 5446 10694 7635 11262 6416 1178 0 2542 0 27939706 5826 6255 
5000000 6429 12981 19367 17446 16798 14591 14328 9826 4822 38146 36483 41959 8894 5287 10013 7574 11491 6421 1187 0 2496 0 30119667 5947 6068 


Steps Product0 Product1 Product2 Product3 Product4 Product5 Product6 Product7 Product8 Picked0 Picked1 Picked2 PlanetVisited0 PlanetVisited1 PlanetVisited2 PlanetVisited3 PlanetVisited4 PlanetVisited5 LostCredits SameCredits EarnedCredits FailedBuy TradeBalance SkippingSell SkippingBuy
5100000 6288 12584 18773 17335 17146 14786 14597 9671 4991 38123 36115 41933 9030 5622 10350 8040 11452 5726 1183 0 2538 0 28774941 5655 5798 
5200000 5898 12503 18711 17369 17499 15292 14820 9940 4651 37934 36725 42024 9030 5948 9465 7803 11508 5926 1123 1 2555 0 32394331 5774 5991 
5300000 6094 12894 18569 17352 16491 14544 14456 10311 5312 37902 36586 41535 9163 6427 9733 7504 11490 5903 1173 1 2535 0 30958355 5780 6174 
5400000 6229 11964 18171 16586 16812 15078 15619 10955 5778 38684 36702 41806 8881 6348 9697 7085 11788 5881 1097 0 2607 0 34885963 5947 6230 
5500000 6162 11885 18284 16768 17225 15003 15132 10225 4800 38259 36161 41064 8564 6460 9650 7808 11855 5883 1138 0 2581 0 31026198 5930 6483 
5600000 6244 12529 18307 16252 15840 14731 15719 11172 5552 37998 36792 41556 8801 6319 9404 7278 12034 5844 1134 0 2532 0 30943463 6169 6664 
5700000 6111 12264 18657 17004 16749 14627 15051 10472 5227 38082 36502 41578 8836 6339 9375 7631 11945 6094 1152 0 2558 0 32466562 5991 6560 
5800000 6014 12529 19221 17484 16773 14694 15023 10565 5106 38371 37260 41778 8255 6425 9473 7729 11927 5871 1120 0 2571 0 33144660 6040 6470 
5900000 6146 12387 18556 16945 16411 14709 15347 10768 5252 38214 36647 41660 7952 7051 9728 8060 11354 6075 1196 0 2508 0 27957623 5827 6303 
6000000 6090 12568 19070 17451 16652 14693 15098 10415 5300 37997 36974 42366 7728 6848 9529 8050 11662 5863 1095 0 2587 0 35301332 5930 6337 


Steps Product0 Product1 Product2 Product3 Product4 Product5 Product6 Product7 Product8 Picked0 Picked1 Picked2 PlanetVisited0 PlanetVisited1 PlanetVisited2 PlanetVisited3 PlanetVisited4 PlanetVisited5 LostCredits SameCredits EarnedCredits FailedBuy TradeBalance SkippingSell SkippingBuy
6100000 6015 12604 18553 16825 16324 14594 15265 10673 5091 37776 36614 41554 8145 7022 8986 8244 11879 5944 1115 0 2614 0 31849835 5944 6637 
6200000 6049 12741 18647 17137 16364 14665 14885 10353 5276 37969 36110 42038 7822 7121 8922 8331 11749 5735 1081 0 2596 0 33158129 6144 6614 
6300000 5903 12526 18386 16883 16204 14824 15310 10629 5331 38073 36003 41920 7933 7665 9140 8211 11430 5841 1147 0 2580 0 32953658 5914 6409 
6400000 6260 12195 18719 17081 16854 15197 15052 10657 4953 38472 36176 42320 7839 7682 8888 8025 11614 5632 1148 0 2557 0 30191372 5904 6218 
6500000 6094 12131 18140 16740 16588 15196 15317 10370 4828 37943 35801 41660 7500 8222 9124 8604 11350 5420 1152 0 2560 0 29940896 5919 6377 
6600000 6319 12903 19001 16978 15883 14223 14903 10513 5444 38149 36088 41930 6897 8708 9346 8348 11084 5297 1097 0 2556 0 35520431 5940 6257 
6700000 5568 11830 17986 16716 16277 14631 15167 10716 5224 37299 35208 41608 7244 8883 9212 8629 10745 5507 1137 0 2617 0 30075996 6095 6623 
6800000 5824 12145 18150 16612 16443 14545 15123 10364 5371 37445 35268 41864 7158 8718 9184 8626 11011 4983 1108 0 2557 0 33325151 6237 6553 
6900000 6607 12445 18344 16250 16489 14669 14567 9543 4869 36843 35385 41555 7147 8773 9351 8724 10929 5296 1066 0 2665 0 36769883 6111 6549 
7000000 6255 12967 19370 17396 16081 13894 13833 10179 5019 37349 35838 41807 6726 8801 9761 8338 11016 5038 1119 0 2564 0 31372320 6127 6478 


Steps Product0 Product1 Product2 Product3 Product4 Product5 Product6 Product7 Product8 Picked0 Picked1 Picked2 PlanetVisited0 PlanetVisited1 PlanetVisited2 PlanetVisited3 PlanetVisited4 PlanetVisited5 LostCredits SameCredits EarnedCredits FailedBuy TradeBalance SkippingSell SkippingBuy
7100000 5714 12067 18181 16784 16087 14431 14161 10351 4993 36351 35205 41213 6760 8780 9726 8676 11206 5072 1081 0 2644 0 35757255 6271 6696 
7200000 6516 12533 18871 16757 16461 14274 14051 9856 4852 37030 35378 41763 6648 9069 9449 8697 10971 4846 1091 0 2580 0 30900184 6189 6568 
7300000 5978 12242 18192 16663 15879 13799 14158 9999 5449 36319 34751 41289 7107 9029 8770 8418 11857 5039 1085 0 2652 0 33716141 6245 6643 
7400000 6525 12765 18715 16326 16149 14128 14460 9845 5224 36564 35507 42066 7109 8652 9102 8231 11411 5175 1079 0 2605 0 35305015 6058 6272 
7500000 5940 12673 19031 17750 16524 14503 13464 9826 4502 36503 35734 41976 6570 9264 9221 8849 10897 5419 1117 0 2609 0 32898000 5941 6385 
7600000 6085 12508 18580 16470 15893 14099 14249 10107 5013 35689 35437 41878 6573 8767 9212 8670 11097 5361 1137 0 2526 0 29886656 6353 6736 
7700000 6307 12792 18346 16262 15688 14547 14351 10033 4743 35975 35526 41568 6459 9055 9146 8572 11710 5278 1102 0 2604 0 36086298 6231 6656 
7800000 5786 12403 18455 16881 15920 14255 14352 10460 5129 36129 35749 41763 6405 9241 9091 8563 11168 5212 1109 0 2606 0 33397262 6295 6661 
7900000 5920 12105 18173 16819 16460 14352 14401 10070 4909 36102 35683 41424 6308 9474 8881 8734 11503 5320 1118 1 2566 0 33131460 5962 6521 
8000000 5860 12140 18536 16937 16318 14492 14516 10201 4920 35938 35889 42093 6584 9250 8787 8308 11469 5282 1009 0 2658 0 36814959 6087 6435 


Steps Product0 Product1 Product2 Product3 Product4 Product5 Product6 Product7 Product8 Picked0 Picked1 Picked2 PlanetVisited0 PlanetVisited1 PlanetVisited2 PlanetVisited3 PlanetVisited4 PlanetVisited5 LostCredits SameCredits EarnedCredits FailedBuy TradeBalance SkippingSell SkippingBuy
8100000 6124 12725 18620 16718 15973 14359 14497 9904 4726 35572 36200 41874 6915 9420 8923 8488 11323 5151 1086 0 2645 0 36308035 5893 6430 
8200000 5971 12470 18493 16868 16091 14458 14499 10434 5207 36082 36031 42378 6366 9824 8779 8606 11080 5025 1109 0 2576 0 34003763 5861 6162 
8300000 5856 11926 18043 16404 16134 14398 14421 10498 5221 35565 35417 41919 6320 10272 8664 8606 11345 5013 1122 0 2597 0 35468469 5734 6232 
8400000 6066 11926 18338 16042 16066 14113 15023 10664 5722 35896 35530 42534 6637 10344 8180 8487 11167 4865 1147 0 2580 0 32840151 5900 6263 
8500000 5209 11579 18432 16795 16099 13762 14621 10768 5460 35311 35257 42157 6653 10585 8480 8580 10773 5149 1106 0 2606 0 36301710 5759 6294 
8600000 5959 12519 18629 16522 16150 14125 14468 9980 5008 35538 35615 42207 7045 10013 8637 8268 10219 5498 1068 0 2610 0 33427635 5864 6278 
8700000 5686 12192 18164 16103 15658 13751 14489 10444 5211 34684 35156 41858 6922 10423 9298 7970 9919 5688 1114 0 2618 0 34559357 5894 6469 
8800000 5804 11967 17913 15863 15721 14183 14610 10702 5084 34371 35086 42390 6827 10333 8912 7853 10156 5599 1044 0 2624 0 36945409 6085 6491 
8900000 5490 11941 17840 16494 16215 14281 14021 10275 4949 34452 35048 42006 7507 10111 8542 7910 10786 5364 1067 0 2669 0 38712810 5926 6590 
9000000 5760 12037 18237 16909 16245 14105 13811 10377 5201 35150 35300 42232 7245 10557 8594 7628 10548 5108 1125 0 2584 0 33195200 6005 6395 


Steps Product0 Product1 Product2 Product3 Product4 Product5 Product6 Product7 Product8 Picked0 Picked1 Picked2 PlanetVisited0 PlanetVisited1 PlanetVisited2 PlanetVisited3 PlanetVisited4 PlanetVisited5 LostCredits SameCredits EarnedCredits FailedBuy TradeBalance SkippingSell SkippingBuy
9100000 5753 12008 18076 16277 15902 13494 13910 10169 5486 34325 34721 42029 7586 10157 8429 7561 10970 5517 1081 0 2634 0 37953728 5914 6427 
9200000 5709 12000 18570 16939 16167 14023 13761 10343 4768 35024 34896 42360 7662 10185 8028 7580 10619 5606 1052 0 2620 0 36330623 5957 6452 
9300000 5366 11611 17626 16342 15534 14180 14227 10943 5100 34358 34608 41963 7421 10337 8595 7606 10867 5394 1084 0 2650 0 36942912 6044 6591 
9400000 5552 12043 18116 16573 15517 14071 14160 10898 5036 34569 35169 42228 7331 10391 8319 7356 10837 5446 1058 0 2615 0 36712183 6170 6571 
9500000 5703 12136 18171 16586 15694 13426 13454 10231 5300 34237 34906 41558 7412 10144 8462 7716 10841 5645 1031 0 2655 0 38720980 6092 6768 
9600000 5726 12070 18142 16554 16035 13937 14104 9999 5127 34578 34928 42188 7279 10248 8065 7649 10780 5659 1089 0 2592 0 32830277 6112 6643 
9700000 5791 12231 18013 15883 15414 13623 14319 10315 5061 34221 34805 41624 7424 10256 8270 7683 11064 5523 1082 1 2633 0 35819058 6120 6732 
9800000 5724 11950 17587 15745 15742 14162 14669 10401 5024 34194 34866 41944 7281 10247 8619 7527 10518 5488 1078 0 2610 0 34519350 6280 6731 
9900000 5488 11565 17454 15535 15585 14063 14687 10434 5106 33691 34363 41863 7345 10643 7985 7496 11259 5492 1004 0 2691 0 40078303 6098 6734 
10000000 5447 12157 17948 16569 15487 13503 13951 10372 5305 34176 34552 42011 7001 10420 8350 7297 11038 5574 1042 0 2631 0 40134412 6342 6756 